$ANSIBLE_VAULT;1.1;AES256
61393366376436653038313038633538313462333035303261306633353937626337383664633936
6130346161636639316335633430616432616134316563370a396131343639336333313762623638
36393763363538333164633038666664653636643837343631626166303533393339313730633162
6263666234643938370a656430313331386538386331313063663965393335613739623963356137
35636431323038326564623362343836366330346636356630346435386137383064663431653663
36643436353432393834363764333937346264653566373638353730383065386466386639303764
34363632396233373733336165613662613265353238643364326266323935383736363762363165
35383464633531396362353738396662316233303537396433666466356633306639323138303839
34343034623930363161616663623935393366306461636530646131336138363333343665623836
61373037366664343763643864363536333664376234663665633138643931623161393035613364
37646461366236333535376662383066633134323839396433336565343739623930653164623837
63343430333963653036643966343332363631373332326566323162363236633336363537363932
65326131653266633030653732366364626461333266383862643436356465353831643265613761
31393561393631323730613737613664343164653131636436663732383130396435653537646661
65646664373638313135346566643138616166323633313861333033393163396139303930393533
34393463343535383166343166383230613739623435616664306537386137383530313736353837
30393932383762343732613834666536646333386637383730306437653231633062666136623836
65636564356131343266313562633661653761613131336337363263333361306535323730313964
37653262653034623066383665626363633831616238623537633639393662376265373337626536
38663861323666383330666235616536353836386366653262326366663164643566653839326364
61663464623033356130336562366361356531333634636134623736363837336235386236653164
62303337626539643534336633663631303832636164663162636334633365313331373534613139
33653663353663346331313364316535383438393366363130323134316139633930343137363165
61613738333636316331303935393433393263336461623031363733623130323866366535393731
38396138306261663130663630376465323835303462393537303630366530643962373139366437
33636432386533633365306462373364343030636364323338373365626538326339313766313830
65366563366432396532333866666566323439613833316261316238363539646362363565373266
33613163373131616139356563373864306438643362373636653537393963376635643966343136
37316466623431663561616535666135646533343133323931343338333734306162613136366631
32663439356230646166653930666430326336316430326338666662643038636164303165356135
33363734646530636162363239353338386334633035313035366539306530363966343365643734
34333837623438373835333230333432393938303965333535356265666561343966356639373764
38333835626161376664326562643430373032656234363963623031363935623962303238363165
34383261656264313438376134633233366661643133633661636261333565353837383436633033
65396236323036356566663733323964646134383630346633323363366535363435386138393836
33666538643937323738356164373664363237656565396434386564396562616366646638323534
66653064386138396664343635396139323632623533366235376438393133323935363364356536
30373339316465656262623462663131333439333732616666636530303065393633343935653536
66313738373238383932626636643466666366666138616535313262623065643430303230623736
31346136323366366333326431316166623630333232323638363134633931343265623461373239
37373337336438313638343466363034363336383537393431326364643538616231313563636565
39623132636436656234646636383135623839376665393334613436396336353931626639303163
64343966386365396332346466376533656634626431663664323532333132363938653632653965
61656335336165393539333339306538323864666631663865653235383936396365363134313833
65356261393961353961373935396435386137616333636332336162393539353466333537316463
38633438303365633235663834323030373535346536323266393466646439646537653531303538
62336165636435376435373736336461323936666561393563373264623764646539663438663062
66623462623333643063363361646664353133336165626539333033313039316232376463373961
64363035383365363833373935343833363337663837333334306238633338303362303762633533
66623066623064333063646633353332616538653136613230356361663762626131353337633536
30666433353730313039323866306634343231346530613735393438376361613234646438623064
61376136323234393938373939386533613661353938643831396134323334663062623137666233
39353530383138643034313863366362636161623638376530633463633464663936373031646638
31386531373337353731363636313931663066633738386639613930353966353334313930363766
38643638343833633564613566396437363963376366326436316663613162643735376262613730
61613633643163666661636565333638613436346134373064313566363963383363326266306262
66663666343736656434366334303764633265616365623661653534633561643361643634623239
33326664303233666564633466366663383833636635353036353537393935333630323939323734
35633566336664656164353337396266396161303939666534643037643363613739353665383536
37663764343538386134383135326561333737616635373963376331636531303030373633376538
35646339623863356338323965313533626235663639633134303430623735663432353265623832
34336239613936316135313432653530376336343334666331383236663930363037613433376232
31383862393636623865313233363431303236306533313933303033313539316535393731653563
33333336383333363063346632363436633832383739333364663263663134343739303235646163
35393039653964636162386335323835333730633838353037333134623864366163633261366534
37653164303534346232636137366237326561653033636339653839373166326336633731376162
33633364356136386361303962306466313633316331316137346439323662373963616563316536
66653431313439616135323438643164336535363030643635663730653635343563613565653631
38396637653761633331656632363264396261313062306630646465613330323331353632643362
37383764316465633037343762313162363664626533613933363031373539313632353831323635
63613333646337613331326662356635643730363138643135363932653964356163643938333533
38646363343830613036643763353335656534663238313534383665653736346631623363636462
32303461303137653133323439666564616530323436643562346435333262306461353764366339
36333966396635333033346563376363636631633764656266346461663335306432363433326430
32303634623564366433303764366235373563326335613363393032343931313666643133643534
34373365663137636132653332633737663136333338646162386131366462623633303261346436
36396663633338646330333633303665636537356533656362613065626338383235616334396339
31663764326362356638383632653935383265643065373134376633383564373331393666373335
35343364393962356533653736316432306134383335323762366361633831326432353430646239
65326335356337353766396236393135396535643563666131633436303063383764616431366336
62646462613639666436666539393933396166383531303233613135636639303632643032616431
34623437646163636164656135343564373930613233633232396130323135353332363638396137
66313736646661396630656163623765383234643766343366356333316530646230643566373364
36393837616164663338653538613231636632613036663534316632613363343565653234366239
35303765623534356464653266386637646639663236663531633662343064373935623366623862
62663535653733653765636532396535333738393561353939653438663039653734376265336364
36633764663266613166333766613530316637633663386632396665303431623163376432626138
32336439363436643163
